angles: -12 12
wingspan: 36.09
chord: 4.521
swept_angle: 0
cruise_altitude: 5000
angle_of_attack_at_cruise: 0
target_cruise_velocity: 122
max_velocity: 163
aircraft_weight: 1691
cargo_weight: 381
fuel_weight: 377
cD0: 0.0341
span_efficiency_factor: 0.7
specific_fuel_consumption: 0.3289096
propeller_efficiency: 0.7
engine_power: 160
n_structure: 6

xflr5 v6.39

 Calculated polar for: C:/Users/Andrew Scherping/Documents/XFLR5/NACA2412.dat

 1 1 Reynolds number fixed          Mach number fixed

 xtrf =   1.000 (top)        1.000 (bottom)
 Mach =   0.000     Re =     5.256 e 6     Ncrit =   9.000

  alpha     CL        CD       CDp       Cm    Top Xtr Bot Xtr   Cpmin    Chinge    XCp
 ------- -------- --------- --------- -------- ------- ------- -------- --------- ---------
 -18.600  -1.1575   0.08857   0.08693  -0.0249  1.0000  0.0095  -12.0922   0.0000   0.2006
 -18.400  -1.2108   0.07670   0.07494  -0.0317  1.0000  0.0095  -12.7039   0.0000   0.1965
 -18.200  -1.2573   0.06570   0.06380  -0.0385  1.0000  0.0095  -13.2141   0.0000   0.1928
 -18.000  -1.2888   0.05810   0.05608  -0.0429  1.0000  0.0095  -13.5030   0.0000   0.1908
 -17.800  -1.3253   0.04891   0.04674  -0.0493  1.0000  0.0095  -13.8560   0.0000   0.1876
 -17.600  -1.3538   0.04186   0.03954  -0.0543  1.0000  0.0095  -14.0874   0.0000   0.1855
 -17.400  -1.3746   0.03616   0.03369  -0.0583  1.0000  0.0095  -14.2167   0.0000   0.1838
 -17.200  -1.3900   0.03198   0.02936  -0.0605  1.0000  0.0095  -14.2637   0.0000   0.1834
 -17.000  -1.4019   0.02894   0.02620  -0.0609  1.0000  0.0095  -14.2541   0.0000   0.1841
 -16.800  -1.4100   0.02685   0.02401  -0.0597  1.0000  0.0095  -14.1921   0.0000   0.1856
 -16.600  -1.4180   0.02518   0.02224  -0.0577  1.0000  0.0095  -14.1181   0.0000   0.1878
 -16.400  -1.4195   0.02382   0.02078  -0.0557  1.0000  0.0095  -13.9811   0.0000   0.1897
 -16.200  -1.4179   0.02267   0.01955  -0.0537  1.0000  0.0095  -13.8136   0.0000   0.1915
 -16.000  -1.4108   0.02161   0.01839  -0.0524  1.0000  0.0096  -13.6001   0.0000   0.1926
 -15.800  -1.4018   0.02064   0.01736  -0.0513  1.0000  0.0096  -13.3685   0.0000   0.1936
 -15.600  -1.3913   0.01977   0.01641  -0.0502  1.0000  0.0096  -13.1248   0.0000   0.1945
 -15.400  -1.3802   0.01898   0.01554  -0.0491  1.0000  0.0096  -12.8757   0.0000   0.1954
 -15.200  -1.3704   0.01827   0.01477  -0.0475  1.0000  0.0097  -12.6378   0.0000   0.1966
 -15.000  -1.3666   0.01769   0.01413  -0.0445  1.0000  0.0097  -12.4463   0.0000   0.1991
 -14.800  -1.3612   0.01673   0.01304  -0.0421  0.9999  0.0099  -12.2610   0.0000   0.2011
 -14.600  -1.3433   0.01622   0.01248  -0.0419  0.9998  0.0099  -11.9563   0.0000   0.2012
 -14.400  -1.3251   0.01573   0.01196  -0.0417  0.9996  0.0099  -11.6527   0.0000   0.2013
 -14.200  -1.3062   0.01527   0.01146  -0.0416  0.9994  0.0100  -11.3456   0.0000   0.2012
 -14.000  -1.2865   0.01483   0.01098  -0.0417  0.9991  0.0100  -11.0362   0.0000   0.2011
 -13.800  -1.2663   0.01441   0.01053  -0.0418  0.9988  0.0100  -10.7261   0.0000   0.2008
 -13.600  -1.2458   0.01401   0.01010  -0.0419  0.9984  0.0100  -10.4173   0.0000   0.2005
 -13.400  -1.2254   0.01363   0.00969  -0.0421  0.9980  0.0101  -10.1123   0.0000   0.2002
 -13.200  -1.2051   0.01327   0.00931  -0.0421  0.9976  0.0101  -9.8120   0.0000   0.1999
 -13.000  -1.1846   0.01293   0.00894  -0.0422  0.9971  0.0101  -9.5137   0.0000   0.1995
 -12.800  -1.1638   0.01260   0.00859  -0.0423  0.9966  0.0102  -9.2173   0.0000   0.1991
 -12.600  -1.1428   0.01229   0.00826  -0.0424  0.9959  0.0102  -8.9230   0.0000   0.1987
 -12.400  -1.1215   0.01198   0.00793  -0.0426  0.9952  0.0103  -8.6311   0.0000   0.1981
 -12.200  -1.1000   0.01169   0.00763  -0.0428  0.9943  0.0103  -8.3417   0.0000   0.1975
 -12.000  -1.0784   0.01142   0.00733  -0.0431  0.9933  0.0103  -8.0551   0.0000   0.1968
 -11.800  -1.0565   0.01115   0.00705  -0.0433  0.9921  0.0104  -7.7713   0.0000   0.1960
 -11.600  -1.0344   0.01089   0.00678  -0.0436  0.9908  0.0104  -7.4906   0.0000   0.1951
 -11.400  -1.0122   0.01064   0.00651  -0.0439  0.9893  0.0104  -7.2130   0.0000   0.1941
 -11.200  -0.9898   0.01040   0.00626  -0.0443  0.9876  0.0105  -6.9385   0.0000   0.1931
 -11.000  -0.9671   0.01017   0.00602  -0.0447  0.9857  0.0105  -6.6668   0.0000   0.1919
 -10.800  -0.9437   0.00995   0.00578  -0.0452  0.9829  0.0106  -6.3956   0.0000   0.1904
 -10.600  -0.9198   0.00973   0.00556  -0.0459  0.9789  0.0106  -6.1255   0.0000   0.1887
 -10.400  -0.8948   0.00961   0.00542  -0.0467  0.9732  0.0105  -5.8483   0.0000   0.1866
 -10.200  -0.8703   0.00940   0.00520  -0.0475  0.9655  0.0105  -5.6509   0.0000   0.1845
 -10.000  -0.8467   0.00920   0.00499  -0.0481  0.9562  0.0106  -5.5046   0.0000   0.1825
  -9.800  -0.8243   0.00902   0.00480  -0.0484  0.9498  0.0107  -5.3637   0.0000   0.1809
  -9.600  -0.8030   0.00884   0.00461  -0.0484  0.9490  0.0107  -5.2272   0.0000   0.1795
  -9.400  -0.7815   0.00866   0.00442  -0.0484  0.9479  0.0108  -5.0917   0.0000   0.1780
  -9.200  -0.7600   0.00849   0.00424  -0.0485  0.9463  0.0109  -4.9571   0.0000   0.1764
  -9.000  -0.7385   0.00831   0.00406  -0.0485  0.9438  0.0110  -4.8234   0.0000   0.1746
  -8.800  -0.7170   0.00815   0.00388  -0.0486  0.9392  0.0111  -4.6906   0.0000   0.1728
  -8.600  -0.6956   0.00798   0.00368  -0.0485  0.9299  0.0113  -4.5586   0.0000   0.1710
  -8.400  -0.6747   0.00781   0.00343  -0.0484  0.9151  0.0118  -4.4261   0.0000   0.1692
  -8.200  -0.6552   0.00737   0.00305  -0.0482  0.8995  0.0232  -4.2547   0.0000   0.1675
  -8.000  -0.6330   0.00727   0.00295  -0.0484  0.8980  0.0234  -4.1236   0.0000   0.1648
  -7.800  -0.6107   0.00718   0.00287  -0.0486  0.8964  0.0236  -3.9937   0.0000   0.1618
  -7.600  -0.5884   0.00709   0.00279  -0.0488  0.8947  0.0237  -3.8652   0.0000   0.1586
  -7.400  -0.5661   0.00701   0.00271  -0.0490  0.8919  0.0238  -3.7382   0.0000   0.1552
  -7.200  -0.5441   0.00694   0.00263  -0.0491  0.8852  0.0239  -3.6134   0.0000   0.1516
  -7.000  -0.5227   0.00690   0.00254  -0.0491  0.8682  0.0240  -3.4919   0.0000   0.1481
  -6.800  -0.5014   0.00687   0.00247  -0.0490  0.8476  0.0241  -3.3722   0.0000   0.1443
  -6.600  -0.4796   0.00682   0.00239  -0.0491  0.8264  0.0242  -3.2530   0.0000   0.1398
  -6.400  -0.4575   0.00676   0.00232  -0.0492  0.8026  0.0242  -3.1353   0.0000   0.1346
  -6.200  -0.4358   0.00673   0.00223  -0.0492  0.7863  0.0243  -3.0215   0.0000   0.1293
  -6.000  -0.4169   0.00691   0.00213  -0.0487  0.6975  0.0243  -2.9177   0.0000   0.1256
  -5.800  -0.3963   0.00756   0.00271  -0.0488  0.6140  0.0245  -2.7400   0.0000   0.1194
  -4.200  -0.2254   0.00719   0.00145  -0.0484  0.3957  0.0246  -2.0157   0.0000   0.0271
  -3.600  -0.1676   0.00812   0.00145  -0.0474  0.0952  0.0247  -1.7680   0.0000  -0.0415
  -3.400  -0.1457   0.00814   0.00143  -0.0474  0.0852  0.0247  -1.6788   0.0000  -0.0851
  -3.200  -0.1235   0.00813   0.00139  -0.0475  0.0753  0.0248  -1.5898   0.0000  -0.1453
  -3.000  -0.1012   0.00811   0.00136  -0.0477  0.0739  0.0248  -1.5015   0.0000  -0.2326
  -2.800  -0.0789   0.00809   0.00134  -0.0478  0.0735  0.0249  -1.4143   0.0000  -0.3696
  -2.600  -0.0570   0.00814   0.00133  -0.0479  0.0496  0.0249  -1.3295   0.0000  -0.6067
  -2.400  -0.0348   0.00813   0.00131  -0.0480  0.0482  0.0250  -1.2449   0.0000  -1.1573
  -2.200  -0.0125   0.00812   0.00129  -0.0481  0.0469  0.0250  -1.1617   0.0000  -3.6769
  -2.000   0.0098   0.00812   0.00128  -0.0483  0.0457  0.0250  -1.0799   0.0000   5.2406
  -1.800   0.0321   0.00812   0.00127  -0.0484  0.0446  0.0251  -0.9995   0.0000   1.7780
  -1.600   0.0544   0.00813   0.00127  -0.0486  0.0436  0.0271  -0.9220   0.0000   1.1524
  -1.400   0.0767   0.00813   0.00127  -0.0487  0.0426  0.0280  -0.8446   0.0000   0.8909
  -1.200   0.0990   0.00814   0.00128  -0.0488  0.0416  0.0288  -0.7686   0.0000   0.7472
  -1.000   0.1213   0.00815   0.00128  -0.0490  0.0407  0.0295  -0.6940   0.0000   0.6563
  -0.800   0.1436   0.00816   0.00129  -0.0491  0.0398  0.0301  -0.6210   0.0000   0.5936
  -0.600   0.1658   0.00817   0.00130  -0.0493  0.0390  0.0307  -0.5495   0.0000   0.5478
  -0.400   0.1881   0.00818   0.00131  -0.0494  0.0382  0.0312  -0.5221   0.0000   0.5128
  -0.200   0.2104   0.00820   0.00132  -0.0495  0.0374  0.0317  -0.5403   0.0000   0.4852
   0.000   0.2326   0.00821   0.00134  -0.0497  0.0366  0.0321  -0.5595   0.0000   0.4629
   0.200   0.2549   0.00823   0.00135  -0.0498  0.0359  0.0326  -0.5787   0.0000   0.4444
   0.400   0.2771   0.00825   0.00138  -0.0499  0.0352  0.0338  -0.5999   0.0000   0.4290
   0.600   0.2994   0.00827   0.00140  -0.0501  0.0368  0.0359  -0.6231   0.0000   0.4158
   0.800   0.3217   0.00829   0.00142  -0.0502  0.0368  0.0369  -0.6463   0.0000   0.4044
   1.000   0.3439   0.00831   0.00144  -0.0503  0.0368  0.0379  -0.6697   0.0000   0.3945
   1.200   0.3661   0.00834   0.00146  -0.0505  0.0367  0.0390  -0.6933   0.0000   0.3858
   1.400   0.3883   0.00836   0.00149  -0.0506  0.0366  0.0401  -0.7180   0.0000   0.3780
   1.600   0.4105   0.00839   0.00151  -0.0507  0.0363  0.0413  -0.7593   0.0000   0.3711
   1.800   0.4327   0.00842   0.00154  -0.0508  0.0361  0.0425  -0.8309   0.0000   0.3649
   2.000   0.4548   0.00845   0.00158  -0.0510  0.0357  0.0438  -0.9039   0.0000   0.3592
   2.200   0.4770   0.00849   0.00161  -0.0511  0.0353  0.0452  -0.9781   0.0000   0.3541
   2.400   0.4991   0.00852   0.00165  -0.0512  0.0348  0.0466  -1.0538   0.0000   0.3494
   2.600   0.5212   0.00856   0.00169  -0.0513  0.0342  0.0482  -1.1307   0.0000   0.3451
   2.800   0.5433   0.00860   0.00174  -0.0514  0.0335  0.0499  -1.2090   0.0000   0.3412
   3.000   0.5652   0.00860   0.00178  -0.0515  0.0326  0.0732  -1.2880   0.0000   0.3375
   3.200   0.5873   0.00865   0.00182  -0.0516  0.0316  0.0740  -1.3688   0.0000   0.3340
   3.400   0.6093   0.00869   0.00187  -0.0517  0.0304  0.0812  -1.4508   0.0000   0.3309
   3.600   0.6313   0.00871   0.00192  -0.0518  0.0290  0.0928  -1.5336   0.0000   0.3279
   4.000   0.6742   0.00852   0.00203  -0.0519  0.0250  0.2430  -1.6972   0.0000   0.3224
   4.200   0.6957   0.00846   0.00210  -0.0519  0.0249  0.2838  -1.7826   0.0000   0.3200
   4.400   0.7175   0.00847   0.00217  -0.0520  0.0249  0.3081  -1.8699   0.0000   0.3176
   4.600   0.7392   0.00850   0.00224  -0.0521  0.0249  0.3514  -1.9584   0.0000   0.3154
   5.000   0.7816   0.00832   0.00242  -0.0521  0.0248  0.4946  -2.1359   0.0000   0.3113
   5.200   0.8029   0.00826   0.00252  -0.0521  0.0248  0.5732  -2.2264   0.0000   0.3093
   5.400   0.8243   0.00827   0.00263  -0.0522  0.0247  0.6054  -2.3183   0.0000   0.3074
   5.600   0.8449   0.00818   0.00274  -0.0520  0.0247  0.6929  -2.4094   0.0000   0.3055
   6.000   0.8889   0.00784   0.00302  -0.0522  0.0246  0.9885  -2.6161   0.0000   0.3023
   6.200   0.9151   0.00796   0.00313  -0.0533  0.0245  0.9959  -2.7263   0.0000   0.3015
   6.400   0.9397   0.00808   0.00324  -0.0540  0.0245  0.9980  -2.8343   0.0000   0.3005
   6.600   0.9640   0.00821   0.00335  -0.0546  0.0244  0.9991  -2.9436   0.0000   0.2995
   6.800   0.9876   0.00833   0.00346  -0.0551  0.0244  0.9996  -3.0528   0.0000   0.2984
   7.000   1.0114   0.00846   0.00358  -0.0556  0.0243  1.0000  -3.1640   0.0000   0.2973
   7.200   1.0299   0.00857   0.00368  -0.0550  0.0242  1.0000  -3.2639   0.0000   0.2955
   7.400   1.0481   0.00869   0.00379  -0.0543  0.0241  1.0000  -3.3644   0.0000   0.2936
   7.600   1.0673   0.00881   0.00390  -0.0538  0.0240  1.0000  -3.4684   0.0000   0.2920
   7.800   1.0872   0.00893   0.00402  -0.0534  0.0239  1.0000  -3.5757   0.0000   0.2905
   8.000   1.1075   0.00907   0.00415  -0.0532  0.0237  1.0000  -3.6854   0.0000   0.2891
   8.200   1.1232   0.00964   0.00468  -0.0522  0.0121  1.0000  -3.8105   0.0000   0.2873
   8.400   1.1424   0.00993   0.00500  -0.0518  0.0110  1.0000  -3.9313   0.0000   0.2859
   8.600   1.1624   0.01013   0.00521  -0.0515  0.0107  1.0000  -4.0471   0.0000   0.2846
   8.800   1.1825   0.01033   0.00541  -0.0513  0.0105  1.0000  -4.1629   0.0000   0.2834
   9.000   1.2027   0.01053   0.00561  -0.0511  0.0104  1.0000  -4.2792   0.0000   0.2822
   9.200   1.2227   0.01073   0.00581  -0.0508  0.0103  1.0000  -4.3961   0.0000   0.2810
   9.400   1.2428   0.01093   0.00601  -0.0506  0.0102  1.0000  -4.5137   0.0000   0.2798
   9.600   1.2627   0.01114   0.00622  -0.0504  0.0101  1.0000  -4.6321   0.0000   0.2787
   9.800   1.2826   0.01135   0.00643  -0.0501  0.0100  1.0000  -4.7511   0.0000   0.2776
  10.000   1.3023   0.01156   0.00665  -0.0499  0.0100  1.0000  -4.8709   0.0000   0.2765
  10.200   1.3219   0.01179   0.00687  -0.0496  0.0099  1.0000  -4.9914   0.0000   0.2754
  10.400   1.3414   0.01201   0.00710  -0.0493  0.0099  1.0000  -5.1125   0.0000   0.2743
  10.600   1.3622   0.01210   0.00718  -0.0492  0.0101  1.0000  -5.2283   0.0000   0.2734
  10.800   1.3817   0.01232   0.00740  -0.0490  0.0101  1.0000  -5.3500   0.0000   0.2724
  11.000   1.4008   0.01256   0.00764  -0.0486  0.0101  1.0000  -5.4734   0.0000   0.2713
  11.200   1.4197   0.01281   0.00790  -0.0482  0.0101  1.0000  -5.7041   0.0000   0.2702
  11.400   1.4383   0.01307   0.00816  -0.0478  0.0100  1.0000  -5.9373   0.0000   0.2691
  11.600   1.4567   0.01334   0.00844  -0.0473  0.0100  1.0000  -6.1729   0.0000   0.2681
  11.800   1.4748   0.01362   0.00873  -0.0468  0.0099  1.0000  -6.4106   0.0000   0.2670
  12.000   1.4927   0.01391   0.00903  -0.0463  0.0099  1.0000  -6.6503   0.0000   0.2659
  12.200   1.5102   0.01421   0.00935  -0.0457  0.0098  1.0000  -6.8917   0.0000   0.2648
  12.400   1.5274   0.01452   0.00967  -0.0451  0.0098  1.0000  -7.1344   0.0000   0.2637
  12.600   1.5442   0.01484   0.01001  -0.0444  0.0097  1.0000  -7.3781   0.0000   0.2625
  12.800   1.5606   0.01518   0.01036  -0.0436  0.0097  1.0000  -7.6224   0.0000   0.2614
  13.000   1.5764   0.01553   0.01073  -0.0428  0.0097  1.0000  -7.8668   0.0000   0.2602
  13.200   1.5915   0.01589   0.01111  -0.0418  0.0096  1.0000  -8.1092   0.0000   0.2589
  13.400   1.6040   0.01628   0.01152  -0.0404  0.0096  1.0000  -8.3380   0.0000   0.2575
  13.600   1.6160   0.01668   0.01195  -0.0388  0.0095  1.0000  -8.5657   0.0000   0.2560
  13.800   1.6282   0.01711   0.01240  -0.0374  0.0095  1.0000  -8.7972   0.0000   0.2545
  14.000   1.6403   0.01756   0.01288  -0.0361  0.0095  1.0000  -9.0300   0.0000   0.2531
  14.200   1.6518   0.01804   0.01338  -0.0346  0.0094  1.0000  -9.2615   0.0000   0.2517
  14.400   1.6602   0.01854   0.01392  -0.0327  0.0094  1.0000  -9.4729   0.0000   0.2501
  14.600   1.6641   0.01918   0.01460  -0.0302  0.0094  1.0000  -9.6538   0.0000   0.2482
  14.800   1.6721   0.01982   0.01527  -0.0285  0.0094  1.0000  -9.8652   0.0000   0.2467
  15.000   1.6807   0.02049   0.01598  -0.0270  0.0093  1.0000  -10.0825   0.0000   0.2452
  15.200   1.6840   0.02143   0.01697  -0.0250  0.0093  1.0000  -10.2613   0.0000   0.2436
  15.400   1.6883   0.02241   0.01799  -0.0233  0.0093  1.0000  -10.4481   0.0000   0.2421
  15.600   1.6967   0.02324   0.01886  -0.0220  0.0092  1.0000  -10.6663   0.0000   0.2409
  15.800   1.6969   0.02470   0.02044  -0.0200  0.0091  1.0000  -10.8042   0.0000   0.2392
  16.000   1.7012   0.02586   0.02168  -0.0185  0.0090  1.0000  -10.9860   0.0000   0.2379
  16.200   1.7048   0.02710   0.02297  -0.0171  0.0090  1.0000  -11.1637   0.0000   0.2366
  16.400   1.6937   0.02926   0.02523  -0.0151  0.0090  1.0000  -11.2257   0.0000   0.2350
  16.600   1.6935   0.03088   0.02691  -0.0138  0.0089  1.0000  -11.3726   0.0000   0.2338
  16.800   1.6953   0.03242   0.02852  -0.0127  0.0089  1.0000  -11.5362   0.0000   0.2327
  17.000   1.6965   0.03410   0.03026  -0.0117  0.0089  1.0000  -11.6936   0.0000   0.2316
  17.200   1.6955   0.03606   0.03230  -0.0109  0.0089  1.0000  -11.8314   0.0000   0.2306
  17.400   1.6790   0.04001   0.03635  -0.0109  0.0089  1.0000  -11.8325   0.0000   0.2301
  17.600   1.6772   0.04224   0.03865  -0.0103  0.0088  1.0000  -11.9599   0.0000   0.2293
  17.800   1.6749   0.04456   0.04105  -0.0098  0.0088  1.0000  -12.0806   0.0000   0.2285
  18.000   1.6697   0.04725   0.04383  -0.0095  0.0088  1.0000  -12.1743   0.0000   0.2278
  18.400   1.6375   0.05617   0.05296  -0.0113  0.0088  1.0000  -12.1479   0.0000   0.2279
  18.600   1.6293   0.05940   0.05628  -0.0114  0.0088  1.0000  -12.2030   0.0000   0.2274
  18.800   1.6150   0.06350   0.06049  -0.0121  0.0088  1.0000  -12.1973   0.0000   0.2274
  19.000   1.5762   0.07168   0.06880  -0.0156  0.0088  1.0000  -11.9486   0.0000   0.2291
  19.200   1.5653   0.07531   0.07252  -0.0161  0.0088  1.0000  -11.9656   0.0000   0.2290
  19.400   1.5519   0.07944   0.07676  -0.0168  0.0088  1.0000  -11.9514   0.0000   0.2290
  19.600   1.5305   0.08519   0.08264  -0.0187  0.0088  1.0000  -11.8489   0.0000   0.2298