angles: -15 12
wingspan: 48
chord: 4.75
swept_angle: 0
cruise_altitude: 5000
angle_of_attack_at_cruise: 0.5
target_cruise_velocity: 180
max_velocity: 250
aircraft_weight: 2500
fuel_weight: 810
cargo_weight: 1200
cD0: 0.012985853989425476
span_efficiency_factor: 0.8
specific_fuel_consumption: 0.77
propeller_efficiency: 0.7
engine_power: 420
n_structure: 6

xflr5 v6.39

 Calculated polar for: C:/Users/Andrew Scherping/Documents/XFLR5/NACA24112.dat

 1 1 Reynolds number fixed          Mach number fixed

 xtrf =   1.000 (top)        1.000 (bottom)
 Mach =   0.000     Re =     9.371 e 6     Ncrit =   9.000

  alpha     CL        CD       CDp       Cm    Top Xtr Bot Xtr   Cpmin    Chinge    XCp
 ------- -------- --------- --------- -------- ------- ------- -------- --------- ---------
 -20.000  -1.8463   0.02623   0.02291  -0.0401  1.0000  0.0058  -22.0116   0.0000   0.2029
 -19.800  -1.8410   0.02537   0.02202  -0.0385  1.0000  0.0058  -21.7944   0.0000   0.2041
 -19.600  -1.8351   0.02459   0.02119  -0.0369  1.0000  0.0058  -21.5709   0.0000   0.2054
 -19.400  -1.8281   0.02386   0.02042  -0.0352  1.0000  0.0058  -21.3373   0.0000   0.2066
 -19.200  -1.8207   0.02318   0.01971  -0.0335  1.0000  0.0058  -21.1009   0.0000   0.2079
 -19.000  -1.8130   0.02256   0.01905  -0.0317  1.0000  0.0058  -20.8608   0.0000   0.2092
 -18.800  -1.8045   0.02197   0.01843  -0.0299  1.0000  0.0058  -20.6143   0.0000   0.2105
 -18.600  -1.7958   0.02143   0.01785  -0.0281  1.0000  0.0058  -20.3663   0.0000   0.2118
 -18.400  -1.7865   0.02092   0.01731  -0.0262  1.0000  0.0058  -20.1143   0.0000   0.2132
 -18.200  -1.7769   0.02044   0.01681  -0.0243  1.0000  0.0058  -19.8593   0.0000   0.2145
 -18.000  -1.7656   0.01999   0.01632  -0.0227  1.0000  0.0058  -19.5905   0.0000   0.2157
 -17.800  -1.7521   0.01954   0.01584  -0.0215  1.0000  0.0058  -19.3051   0.0000   0.2167
 -17.600  -1.7378   0.01910   0.01537  -0.0203  1.0000  0.0058  -19.0141   0.0000   0.2177
 -17.400  -1.7229   0.01867   0.01492  -0.0192  1.0000  0.0058  -18.7201   0.0000   0.2186
 -17.200  -1.7076   0.01826   0.01449  -0.0182  1.0000  0.0058  -18.4237   0.0000   0.2194
 -17.000  -1.6918   0.01786   0.01406  -0.0173  1.0000  0.0058  -18.1255   0.0000   0.2203
 -16.800  -1.6756   0.01747   0.01365  -0.0163  1.0000  0.0058  -17.8259   0.0000   0.2211
 -16.600  -1.6591   0.01710   0.01326  -0.0155  1.0000  0.0058  -17.5253   0.0000   0.2219
 -16.400  -1.6422   0.01673   0.01287  -0.0146  1.0000  0.0058  -17.2240   0.0000   0.2226
 -16.200  -1.6250   0.01638   0.01250  -0.0138  1.0000  0.0058  -16.9223   0.0000   0.2234
 -16.000  -1.6075   0.01603   0.01213  -0.0131  1.0000  0.0058  -16.6204   0.0000   0.2241
 -15.800  -1.5897   0.01569   0.01178  -0.0124  1.0000  0.0058  -16.3187   0.0000   0.2248
 -15.600  -1.5717   0.01537   0.01143  -0.0117  1.0000  0.0058  -16.0171   0.0000   0.2255
 -15.000  -1.5185   0.01419   0.01019  -0.0094  1.0000  0.0072  -15.1763   0.0000   0.2277
 -14.800  -1.5003   0.01382   0.00982  -0.0087  1.0000  0.0078  -14.8875   0.0000   0.2284
 -14.600  -1.4818   0.01346   0.00947  -0.0081  1.0000  0.0082  -14.5962   0.0000   0.2291
 -14.400  -1.4631   0.01313   0.00914  -0.0075  1.0000  0.0086  -14.3031   0.0000   0.2298
 -14.200  -1.4440   0.01282   0.00884  -0.0069  1.0000  0.0089  -14.0085   0.0000   0.2304
 -14.000  -1.4246   0.01254   0.00857  -0.0064  1.0000  0.0092  -13.7130   0.0000   0.2310
 -13.800  -1.4049   0.01229   0.00831  -0.0059  1.0000  0.0094  -13.4173   0.0000   0.2316
 -13.600  -1.3849   0.01205   0.00807  -0.0054  1.0000  0.0095  -13.1223   0.0000   0.2322
 -13.400  -1.3648   0.01183   0.00785  -0.0050  1.0000  0.0097  -12.8291   0.0000   0.2328
 -13.200  -1.3445   0.01161   0.00763  -0.0046  1.0000  0.0098  -12.5378   0.0000   0.2333
 -13.000  -1.3242   0.01140   0.00742  -0.0042  1.0000  0.0098  -12.2486   0.0000   0.2339
 -12.800  -1.3037   0.01120   0.00722  -0.0038  1.0000  0.0099  -11.9616   0.0000   0.2344
 -12.600  -1.2831   0.01100   0.00702  -0.0034  1.0000  0.0099  -11.6769   0.0000   0.2349
 -12.400  -1.2625   0.01081   0.00682  -0.0030  1.0000  0.0100  -11.3948   0.0000   0.2355
 -12.200  -1.2418   0.01062   0.00663  -0.0026  1.0000  0.0100  -11.1153   0.0000   0.2360
 -12.000  -1.2211   0.01043   0.00644  -0.0022  1.0000  0.0101  -10.8385   0.0000   0.2365
 -11.800  -1.2003   0.01025   0.00626  -0.0019  1.0000  0.0101  -10.5648   0.0000   0.2371
 -11.600  -1.1796   0.01007   0.00608  -0.0015  1.0000  0.0101  -10.2938   0.0000   0.2376
 -11.400  -1.1587   0.00990   0.00590  -0.0011  0.9999  0.0102  -10.0249   0.0000   0.2382
 -11.200  -1.1329   0.00971   0.00571  -0.0018  0.9969  0.0102  -9.7297   0.0000   0.2377
 -11.000  -1.1080   0.00953   0.00553  -0.0023  0.9894  0.0102  -9.4438   0.0000   0.2375
 -10.800  -1.0883   0.00939   0.00537  -0.0017  0.9725  0.0102  -9.1916   0.0000   0.2383
 -10.600  -1.0696   0.00928   0.00521  -0.0007  0.9501  0.0102  -8.9484   0.0000   0.2394
 -10.400  -1.0494   0.00917   0.00504  -0.0002  0.9297  0.0102  -8.6993   0.0000   0.2401
 -10.200  -1.0285   0.00906   0.00488   0.0002  0.9079  0.0103  -8.4500   0.0000   0.2407
 -10.000  -1.0074   0.00895   0.00471   0.0006  0.8861  0.0103  -8.2020   0.0000   0.2413
  -9.800  -0.9860   0.00884   0.00455   0.0009  0.8670  0.0103  -7.9555   0.0000   0.2418
  -9.600  -0.9644   0.00873   0.00439   0.0011  0.8500  0.0103  -7.7117   0.0000   0.2423
  -9.400  -0.9428   0.00862   0.00424   0.0014  0.8309  0.0103  -7.4709   0.0000   0.2428
  -9.200  -0.9211   0.00852   0.00409   0.0016  0.8096  0.0103  -7.2331   0.0000   0.2433
  -9.000  -0.8993   0.00843   0.00395   0.0018  0.7870  0.0103  -6.9984   0.0000   0.2437
  -8.800  -0.8775   0.00834   0.00380   0.0020  0.7655  0.0103  -6.7665   0.0000   0.2442
  -8.600  -0.8556   0.00824   0.00366   0.0022  0.7476  0.0103  -6.5375   0.0000   0.2447
  -8.400  -0.8337   0.00815   0.00353   0.0024  0.7301  0.0103  -6.3116   0.0000   0.2451
  -8.200  -0.8116   0.00805   0.00340   0.0025  0.7165  0.0104  -6.0885   0.0000   0.2456
  -8.000  -0.7895   0.00796   0.00327   0.0027  0.6990  0.0104  -5.8692   0.0000   0.2460
  -7.800  -0.7674   0.00789   0.00314   0.0029  0.6784  0.0104  -5.6527   0.0000   0.2465
  -7.600  -0.7460   0.00772   0.00293   0.0032  0.6567  0.0132  -5.4552   0.0000   0.2471
  -7.400  -0.7241   0.00760   0.00280   0.0033  0.6412  0.0142  -5.2467   0.0000   0.2476
  -7.200  -0.7020   0.00750   0.00268   0.0035  0.6269  0.0150  -5.0392   0.0000   0.2481
  -7.000  -0.6798   0.00743   0.00258   0.0036  0.6109  0.0154  -4.8595   0.0000   0.2486
  -6.800  -0.6573   0.00735   0.00249   0.0037  0.5998  0.0157  -4.6821   0.0000   0.2490
  -6.600  -0.6349   0.00730   0.00240   0.0038  0.5809  0.0158  -4.5077   0.0000   0.2495
  -6.400  -0.6124   0.00724   0.00231   0.0038  0.5683  0.0159  -4.3354   0.0000   0.2500
  -6.200  -0.5899   0.00720   0.00222   0.0039  0.5506  0.0160  -4.1667   0.0000   0.2504
  -6.000  -0.5674   0.00717   0.00215   0.0040  0.5305  0.0160  -3.9998   0.0000   0.2509
  -5.800  -0.5447   0.00711   0.00207   0.0040  0.5209  0.0160  -3.8350   0.0000   0.2514
  -5.600  -0.5221   0.00707   0.00200   0.0041  0.5042  0.0161  -3.6732   0.0000   0.2519
  -5.400  -0.4994   0.00701   0.00192   0.0041  0.4964  0.0161  -3.5135   0.0000   0.2524
  -5.000  -0.4543   0.00689   0.00175   0.0043  0.4709  0.0189  -3.2092   0.0000   0.2537
  -4.800  -0.4319   0.00683   0.00167   0.0044  0.4524  0.0209  -3.0604   0.0000   0.2545
  -4.600  -0.4093   0.00677   0.00160   0.0044  0.4426  0.0220  -2.9117   0.0000   0.2552
  -4.400  -0.3866   0.00675   0.00154   0.0044  0.4254  0.0226  -2.7646   0.0000   0.2559
  -4.200  -0.3637   0.00670   0.00148   0.0044  0.4199  0.0228  -2.6203   0.0000   0.2567
  -4.000  -0.3408   0.00669   0.00144   0.0044  0.4094  0.0230  -2.4791   0.0000   0.2575
  -3.800  -0.3179   0.00666   0.00139   0.0044  0.3981  0.0230  -2.3403   0.0000   0.2584
  -3.600  -0.2950   0.00661   0.00133   0.0044  0.3927  0.0243  -2.2052   0.0000   0.2595
  -3.400  -0.2723   0.00658   0.00128   0.0044  0.3808  0.0272  -2.0736   0.0000   0.2608
  -3.200  -0.2495   0.00653   0.00123   0.0044  0.3718  0.0293  -1.9438   0.0000   0.2623
  -3.000  -0.2266   0.00649   0.00119   0.0044  0.3651  0.0305  -1.8161   0.0000   0.2640
  -2.800  -0.2036   0.00648   0.00116   0.0044  0.3562  0.0310  -1.7069   0.0000   0.2660
  -2.600  -0.1806   0.00645   0.00111   0.0044  0.3482  0.0322  -1.6021   0.0000   0.2684
  -2.400  -0.1576   0.00640   0.00108   0.0043  0.3462  0.0365  -1.5008   0.0000   0.2717
  -2.200  -0.1346   0.00635   0.00104   0.0043  0.3423  0.0390  -1.4009   0.0000   0.2759
  -2.000  -0.1116   0.00635   0.00102   0.0043  0.3357  0.0401  -1.3028   0.0000   0.2818
  -1.800  -0.0885   0.00633   0.00099   0.0042  0.3268  0.0420  -1.2068   0.0000   0.2907
  -1.600  -0.0655   0.00629   0.00096   0.0042  0.3229  0.0466  -1.1129   0.0000   0.3059
  -1.400  -0.0424   0.00625   0.00094   0.0041  0.3210  0.0496  -1.0207   0.0000   0.3375
  -1.200  -0.0192   0.00624   0.00092   0.0040  0.3175  0.0513  -0.9304   0.0000   0.4445
  -1.000   0.0038   0.00621   0.00090   0.0040  0.3127  0.0573  -0.8429   0.0000  -0.7525
  -0.800   0.0268   0.00620   0.00088   0.0039  0.3068  0.0615  -0.7691   0.0000   0.1069
  -0.600   0.0499   0.00617   0.00087   0.0038  0.2999  0.0693  -0.6978   0.0000   0.1722
  -0.400   0.0730   0.00614   0.00085   0.0038  0.2985  0.0737  -0.6540   0.0000   0.1966
  -0.200   0.0962   0.00611   0.00084   0.0037  0.2963  0.0820  -0.6777   0.0000   0.2091
   0.000   0.1193   0.00610   0.00084   0.0036  0.2924  0.0875  -0.7015   0.0000   0.2167
   0.200   0.1422   0.00608   0.00083   0.0035  0.2878  0.0992  -0.7267   0.0000   0.2218
   0.400   0.1652   0.00606   0.00083   0.0035  0.2823  0.1129  -0.7526   0.0000   0.2254
   0.600   0.1881   0.00601   0.00083   0.0034  0.2760  0.1323  -0.7788   0.0000   0.2281
   0.800   0.2111   0.00596   0.00083   0.0033  0.2747  0.1570  -0.8051   0.0000   0.2302
   1.000   0.2338   0.00588   0.00083   0.0033  0.2730  0.1923  -0.8314   0.0000   0.2318
   1.400   0.2748   0.00516   0.00078   0.0038  0.2654  0.4735  -0.8810   0.0000   0.2317
   1.600   0.2969   0.00505   0.00079   0.0038  0.2603  0.5257  -0.9095   0.0000   0.2325
   1.800   0.3191   0.00495   0.00079   0.0038  0.2538  0.5741  -0.9384   0.0000   0.2332
   2.000   0.3413   0.00482   0.00080   0.0039  0.2514  0.6289  -0.9674   0.0000   0.2337
   2.200   0.3638   0.00473   0.00081   0.0039  0.2500  0.6701  -0.9969   0.0000   0.2343
   2.400   0.3864   0.00468   0.00084   0.0038  0.2474  0.7028  -1.0267   0.0000   0.2349
   2.600   0.4087   0.00462   0.00086   0.0038  0.2432  0.7426  -1.0564   0.0000   0.2352
   2.800   0.4312   0.00462   0.00090   0.0038  0.2373  0.7695  -1.0890   0.0000   0.2356
   3.000   0.4537   0.00459   0.00093   0.0038  0.2298  0.8002  -1.1219   0.0000   0.2360
   3.200   0.4764   0.00455   0.00096   0.0038  0.2282  0.8280  -1.1552   0.0000   0.2362
   3.400   0.4990   0.00452   0.00099   0.0038  0.2270  0.8553  -1.1887   0.0000   0.2365
   3.600   0.5214   0.00452   0.00103   0.0038  0.2240  0.8793  -1.2222   0.0000   0.2366
   3.800   0.5441   0.00459   0.00109   0.0037  0.2175  0.8885  -1.2591   0.0000   0.2368
   4.000   0.5669   0.00465   0.00114   0.0037  0.2096  0.8964  -1.2964   0.0000   0.2371
   4.200   0.5900   0.00468   0.00117   0.0035  0.2062  0.9022  -1.3344   0.0000   0.2374
   4.400   0.6132   0.00472   0.00122   0.0034  0.2048  0.9076  -1.3728   0.0000   0.2377
   4.600   0.6359   0.00478   0.00127   0.0033  0.2006  0.9142  -1.4140   0.0000   0.2379
   4.800   0.6586   0.00488   0.00134   0.0032  0.1939  0.9187  -1.4560   0.0000   0.2380
   5.000   0.6813   0.00496   0.00140   0.0031  0.1850  0.9246  -1.4983   0.0000   0.2381
   5.200   0.7042   0.00500   0.00145   0.0030  0.1835  0.9299  -1.5441   0.0000   0.2382
   5.400   0.7270   0.00509   0.00152   0.0029  0.1790  0.9338  -1.5916   0.0000   0.2383
   5.600   0.7490   0.00522   0.00161   0.0029  0.1698  0.9394  -1.6396   0.0000   0.2382
   5.800   0.7717   0.00529   0.00167   0.0028  0.1633  0.9438  -1.6930   0.0000   0.2382
   6.000   0.7942   0.00538   0.00175   0.0027  0.1598  0.9477  -1.7501   0.0000   0.2382
   6.200   0.8159   0.00554   0.00186   0.0028  0.1503  0.9524  -1.8108   0.0000   0.2380
   6.400   0.8384   0.00563   0.00194   0.0027  0.1429  0.9560  -1.8792   0.0000   0.2380
   6.600   0.8606   0.00573   0.00202   0.0027  0.1392  0.9599  -1.9570   0.0000   0.2379
   6.800   0.8821   0.00590   0.00214   0.0028  0.1309  0.9638  -2.0373   0.0000   0.2376
   7.200   0.9251   0.00622   0.00239   0.0029  0.1139  0.9706  -2.2183   0.0000   0.2371
   7.400   0.9469   0.00635   0.00249   0.0029  0.1066  0.9739  -2.3176   0.0000   0.2369
   7.600   0.9685   0.00648   0.00260   0.0030  0.1026  0.9767  -2.4258   0.0000   0.2367
   7.800   0.9889   0.00670   0.00277   0.0033  0.0920  0.9800  -2.5328   0.0000   0.2362
   8.000   1.0099   0.00689   0.00291   0.0034  0.0854  0.9829  -2.6433   0.0000   0.2359
   8.200   1.0301   0.00712   0.00309   0.0037  0.0746  0.9856  -2.7530   0.0000   0.2354
   8.400   1.0507   0.00729   0.00323   0.0039  0.0703  0.9884  -2.8657   0.0000   0.2350
   8.600   1.0716   0.00752   0.00341   0.0040  0.0615  0.9905  -2.9957   0.0000   0.2347
   8.800   1.0933   0.00768   0.00355   0.0040  0.0586  0.9925  -3.1344   0.0000   0.2345
   9.000   1.1145   0.00794   0.00375   0.0040  0.0520  0.9943  -3.2734   0.0000   0.2343
   9.200   1.1377   0.00811   0.00391   0.0036  0.0474  0.9952  -3.4205   0.0000   0.2344
   9.400   1.1604   0.00835   0.00411   0.0033  0.0435  0.9961  -3.5689   0.0000   0.2345
   9.600   1.1829   0.00859   0.00431   0.0030  0.0377  0.9970  -3.7193   0.0000   0.2345
   9.800   1.2065   0.00878   0.00448   0.0025  0.0354  0.9974  -3.8760   0.0000   0.2347
  10.000   1.2295   0.00910   0.00474   0.0020  0.0302  0.9976  -4.0320   0.0000   0.2348
  10.200   1.2532   0.00929   0.00492   0.0014  0.0271  0.9979  -4.1939   0.0000   0.2350
  10.400   1.2767   0.00948   0.00510   0.0008  0.0261  0.9981  -4.3581   0.0000   0.2351
  10.600   1.2996   0.00974   0.00534   0.0004  0.0239  0.9985  -4.5224   0.0000   0.2352
  10.800   1.3224   0.01000   0.00557  -0.0001  0.0214  0.9988  -4.6960   0.0000   0.2352
  11.000   1.3454   0.01021   0.00577  -0.0005  0.0191  0.9991  -4.8917   0.0000   0.2352
  11.200   1.3685   0.01040   0.00595  -0.0010  0.0187  0.9994  -5.0917   0.0000   0.2352
  11.400   1.3915   0.01061   0.00615  -0.0015  0.0182  0.9996  -5.2946   0.0000   0.2352
  11.600   1.4140   0.01088   0.00640  -0.0019  0.0170  0.9998  -5.4978   0.0000   0.2351
  11.800   1.4362   0.01118   0.00668  -0.0023  0.0156  1.0000  -5.7019   0.0000   0.2350
  12.000   1.4519   0.01141   0.00690  -0.0013  0.0143  1.0000  -5.8795   0.0000   0.2339
  12.200   1.4681   0.01163   0.00712  -0.0003  0.0131  1.0000  -6.0627   0.0000   0.2329
  12.400   1.4851   0.01184   0.00733   0.0005  0.0122  1.0000  -6.2515   0.0000   0.2320
  12.600   1.5027   0.01204   0.00754   0.0011  0.0121  1.0000  -6.4460   0.0000   0.2312
  12.800   1.5206   0.01225   0.00775   0.0017  0.0120  1.0000  -6.6446   0.0000   0.2305
  13.000   1.5389   0.01248   0.00798   0.0021  0.0119  1.0000  -6.8473   0.0000   0.2298
  13.200   1.5572   0.01272   0.00822   0.0025  0.0116  1.0000  -7.0524   0.0000   0.2292
  13.400   1.5750   0.01301   0.00851   0.0030  0.0111  1.0000  -7.2576   0.0000   0.2286
  13.600   1.5919   0.01337   0.00885   0.0035  0.0103  1.0000  -7.4600   0.0000   0.2279
  13.800   1.6088   0.01373   0.00921   0.0041  0.0095  1.0000  -7.6630   0.0000   0.2272
  14.000   1.6257   0.01407   0.00955   0.0046  0.0085  1.0000  -7.8690   0.0000   0.2265
  14.200   1.6427   0.01440   0.00987   0.0051  0.0075  1.0000  -8.0776   0.0000   0.2258
  14.400   1.6596   0.01472   0.01020   0.0056  0.0069  1.0000  -8.2870   0.0000   0.2251
  14.600   1.6767   0.01502   0.01050   0.0061  0.0069  1.0000  -8.5025   0.0000   0.2245
  14.800   1.6934   0.01533   0.01082   0.0066  0.0069  1.0000  -8.7184   0.0000   0.2238
  15.000   1.7097   0.01565   0.01115   0.0071  0.0068  1.0000  -8.9342   0.0000   0.2231
  15.200   1.7256   0.01598   0.01149   0.0077  0.0068  1.0000  -9.1498   0.0000   0.2223
  15.400   1.7409   0.01632   0.01185   0.0084  0.0068  1.0000  -9.3645   0.0000   0.2216
  15.600   1.7553   0.01668   0.01222   0.0092  0.0068  1.0000  -9.5755   0.0000   0.2207
  15.800   1.7669   0.01705   0.01261   0.0105  0.0068  1.0000  -9.7724   0.0000   0.2196
  16.000   1.7775   0.01746   0.01304   0.0119  0.0067  1.0000  -9.9640   0.0000   0.2184
  16.200   1.7877   0.01791   0.01351   0.0133  0.0067  1.0000  -10.1552   0.0000   0.2173
  16.400   1.7977   0.01842   0.01403   0.0145  0.0067  1.0000  -10.3460   0.0000   0.2162
  16.600   1.8072   0.01898   0.01461   0.0157  0.0066  1.0000  -10.5344   0.0000   0.2151
  16.800   1.8164   0.01961   0.01527   0.0167  0.0065  1.0000  -10.7219   0.0000   0.2141
  17.000   1.8245   0.02032   0.01600   0.0177  0.0065  1.0000  -10.9036   0.0000   0.2131
  17.200   1.8321   0.02113   0.01684   0.0186  0.0063  1.0000  -11.0823   0.0000   0.2122
  17.400   1.8389   0.02208   0.01781   0.0194  0.0062  1.0000  -11.2554   0.0000   0.2113
  17.600   1.8442   0.02318   0.01894   0.0201  0.0060  1.0000  -11.4195   0.0000   0.2105
  17.800   1.8480   0.02446   0.02025   0.0207  0.0058  1.0000  -11.5723   0.0000   0.2097
  18.000   1.8507   0.02596   0.02178   0.0211  0.0056  1.0000  -11.7175   0.0000   0.2090
  18.200   1.8522   0.02770   0.02355   0.0212  0.0054  1.0000  -11.8523   0.0000   0.2084
  18.400   1.8529   0.02963   0.02552   0.0211  0.0051  1.0000  -11.9801   0.0000   0.2080
  18.600   1.8524   0.03176   0.02769   0.0208  0.0049  1.0000  -12.0992   0.0000   0.2076
  18.800   1.8491   0.03423   0.03021   0.0204  0.0047  1.0000  -12.2107   0.0000   0.2072
  19.000   1.8449   0.03691   0.03294   0.0198  0.0045  1.0000  -12.3145   0.0000   0.2070
  19.200   1.8396   0.03982   0.03590   0.0190  0.0043  1.0000  -12.4075   0.0000   0.2068
  19.400   1.8325   0.04300   0.03914   0.0180  0.0041  1.0000  -12.4837   0.0000   0.2067
  19.600   1.8217   0.04671   0.04292   0.0168  0.0039  1.0000  -12.5264   0.0000   0.2067
  19.800   1.8076   0.05088   0.04716   0.0154  0.0038  1.0000  -12.5378   0.0000   0.2068
  20.000   1.7905   0.05525   0.05161   0.0141  0.0037  1.0000  -12.5224   0.0000   0.2069