angles: -7 9
wingspan: 48
chord: 4.75
swept_angle: 0
cruise_altitude: 5000
angle_of_attack_at_cruise: 0.6
target_cruise_velocity: 180
max_velocity: 250
aircraft_weight: 2500
fuel_weight: 810
cargo_weight: 1200
cD0: 0.015188786480106194
span_efficiency_factor: 0.8
specific_fuel_consumption: 0.983
propeller_efficiency: 0.7
engine_power: 600
n_structure: 6
xflr5 v6.39

 Calculated polar for: C:/Users/Andrew Scherping/Documents/XFLR5/NACA15109.dat

 1 1 Reynolds number fixed          Mach number fixed

 xtrf =   1.000 (top)        1.000 (bottom)
 Mach =   0.308     Re =     8.924 e 6     Ncrit =   9.000

  alpha     CL        CD       CDp       Cm    Top Xtr Bot Xtr   Cpmin    Chinge    XCp
 ------- -------- --------- --------- -------- ------- ------- -------- --------- ---------
  -9.000  -0.6720   0.05855   0.05763  -0.0271  0.8836  0.0064  -6.1188   0.0000   0.2040
  -8.800  -0.6806   0.05434   0.05326  -0.0279  0.8439  0.0065  -6.2752   0.0000   0.2036
  -8.600  -0.6852   0.05020   0.04897  -0.0283  0.8106  0.0066  -6.3948   0.0000   0.2034
  -8.400  -0.6873   0.04597   0.04459  -0.0284  0.7847  0.0067  -6.5026   0.0000   0.2034
  -8.200  -0.6892   0.04134   0.03979  -0.0281  0.7591  0.0068  -6.6477   0.0000   0.2039
  -7.800  -0.7446   0.01909   0.01664  -0.0231  0.7454  0.0070  -8.4725   0.0000   0.2129
  -7.600  -0.7282   0.01774   0.01512  -0.0218  0.7217  0.0071  -8.2197   0.0000   0.2142
  -7.400  -0.7107   0.01664   0.01385  -0.0205  0.6956  0.0073  -7.9481   0.0000   0.2154
  -7.200  -0.6917   0.01563   0.01270  -0.0194  0.6850  0.0074  -7.6662   0.0000   0.2163
  -7.000  -0.6726   0.01474   0.01165  -0.0183  0.6663  0.0075  -7.3881   0.0000   0.2173
  -6.800  -0.6527   0.01386   0.01065  -0.0173  0.6527  0.0076  -7.1127   0.0000   0.2182
  -6.600  -0.6325   0.01306   0.00971  -0.0163  0.6403  0.0077  -6.8435   0.0000   0.2191
  -6.400  -0.6119   0.01237   0.00888  -0.0153  0.6191  0.0077  -6.5704   0.0000   0.2199
  -5.600  -0.5249   0.01033   0.00639  -0.0122  0.5598  0.0080  -5.4652   0.0000   0.2223
  -5.400  -0.5089   0.00852   0.00425  -0.0103  0.5428  0.0080  -5.4783   0.0000   0.2253
  -5.200  -0.4843   0.00853   0.00426  -0.0100  0.5378  0.0080  -5.1341   0.0000   0.2250
  -5.000  -0.4594   0.00868   0.00444  -0.0099  0.5292  0.0081  -4.7778   0.0000   0.2243
  -4.600  -0.4213   0.00689   0.00220  -0.0071  0.5039  0.0081  -4.5976   0.0000   0.2292
  -4.400  -0.3982   0.00667   0.00192  -0.0065  0.4996  0.0081  -4.3649   0.0000   0.2298
  -4.200  -0.3749   0.00654   0.00173  -0.0060  0.4925  0.0081  -4.1211   0.0000   0.2301
  -4.000  -0.3517   0.00646   0.00159  -0.0056  0.4795  0.0082  -3.8779   0.0000   0.2304
  -3.800  -0.3282   0.00639   0.00147  -0.0052  0.4642  0.0082  -3.6366   0.0000   0.2305
  -3.600  -0.3044   0.00630   0.00137  -0.0049  0.4612  0.0083  -3.3997   0.0000   0.2303
  -3.400  -0.2812   0.00615   0.00123  -0.0045  0.4584  0.0145  -3.1883   0.0000   0.2304
  -3.200  -0.2577   0.00609   0.00117  -0.0042  0.4526  0.0159  -2.9586   0.0000   0.2301
  -3.000  -0.2341   0.00605   0.00111  -0.0039  0.4450  0.0163  -2.7366   0.0000   0.2296
  -2.800  -0.2104   0.00602   0.00105  -0.0037  0.4359  0.0165  -2.5223   0.0000   0.2288
  -2.600  -0.1867   0.00598   0.00100  -0.0035  0.4252  0.0166  -2.3154   0.0000   0.2277
  -2.400  -0.1629   0.00593   0.00094  -0.0033  0.4227  0.0167  -2.1157   0.0000   0.2260
  -2.200  -0.1391   0.00589   0.00089  -0.0031  0.4199  0.0168  -1.9236   0.0000   0.2238
  -2.000  -0.1156   0.00584   0.00084  -0.0029  0.4136  0.0217  -1.7434   0.0000   0.2211
  -1.800  -0.0924   0.00580   0.00079  -0.0026  0.4064  0.0253  -1.5678   0.0000   0.2171
  -1.600  -0.0690   0.00576   0.00075  -0.0024  0.3983  0.0276  -1.4009   0.0000   0.2098
  -1.400  -0.0453   0.00574   0.00072  -0.0023  0.3896  0.0290  -1.2826   0.0000   0.1934
  -1.200  -0.0217   0.00569   0.00069  -0.0022  0.3849  0.0355  -1.1689   0.0000   0.1415
  -1.000   0.0019   0.00562   0.00065  -0.0020  0.3837  0.0409  -1.0585   0.0000   1.3952
  -0.800   0.0257   0.00560   0.00062  -0.0019  0.3808  0.0410  -0.9544   0.0000   0.3264
  -0.600   0.0491   0.00561   0.00060  -0.0017  0.3730  0.0433  -0.8493   0.0000   0.2856
  -0.400   0.0724   0.00560   0.00059  -0.0016  0.3646  0.0515  -0.7481   0.0000   0.2709
  -0.200   0.0957   0.00557   0.00057  -0.0014  0.3564  0.0581  -0.6497   0.0000   0.2635
   0.000   0.1193   0.00554   0.00055  -0.0013  0.3485  0.0691  -0.5651   0.0000   0.2593
   0.200   0.1427   0.00548   0.00054  -0.0012  0.3465  0.0853  -0.5878   0.0000   0.2564
   0.400   0.1661   0.00542   0.00053  -0.0010  0.3450  0.0990  -0.6106   0.0000   0.2542
   0.600   0.1894   0.00540   0.00053  -0.0009  0.3405  0.1155  -0.6336   0.0000   0.2526
   0.800   0.2126   0.00541   0.00053  -0.0008  0.3321  0.1279  -0.6565   0.0000   0.2512
   1.000   0.2357   0.00539   0.00054  -0.0006  0.3243  0.1479  -0.6795   0.0000   0.2500
   1.400   0.2820   0.00530   0.00055  -0.0003  0.3095  0.2033  -0.7308   0.0000   0.2483
   1.600   0.3051   0.00523   0.00056  -0.0001  0.3081  0.2388  -0.7573   0.0000   0.2476
   1.800   0.3268   0.00506   0.00058   0.0003  0.3046  0.3280  -0.7828   0.0000   0.2462
   2.000   0.3424   0.00450   0.00057   0.0018  0.2990  0.5671  -0.8042   0.0000   0.2418
   2.200   0.3614   0.00429   0.00059   0.0027  0.2908  0.6732  -0.8285   0.0000   0.2393
   2.400   0.3786   0.00403   0.00061   0.0041  0.2793  0.7892  -0.8546   0.0000   0.2358
   2.600   0.3998   0.00395   0.00063   0.0048  0.2729  0.8317  -0.8840   0.0000   0.2347
   2.800   0.4211   0.00389   0.00066   0.0054  0.2715  0.8651  -0.9137   0.0000   0.2337
   3.000   0.4419   0.00386   0.00070   0.0061  0.2672  0.8995  -0.9432   0.0000   0.2324
   3.200   0.4624   0.00397   0.00078   0.0069  0.2429  0.9224  -0.9753   0.0000   0.2313
   3.400   0.4847   0.00404   0.00084   0.0073  0.2312  0.9349  -1.0106   0.0000   0.2311
   3.600   0.5068   0.00419   0.00093   0.0076  0.2121  0.9456  -1.0458   0.0000   0.2308
   3.800   0.5297   0.00422   0.00098   0.0080  0.2045  0.9600  -1.0871   0.0000   0.2307
   4.000   0.5536   0.00427   0.00103   0.0080  0.2021  0.9683  -1.1331   0.0000   0.2311
   4.200   0.5759   0.00448   0.00115   0.0084  0.1816  0.9733  -1.1913   0.0000   0.2309
   4.400   0.5978   0.00469   0.00127   0.0088  0.1587  0.9759  -1.2622   0.0000   0.2306
   4.600   0.6216   0.00497   0.00143   0.0087  0.1299  0.9786  -1.3556   0.0000   0.2312
   4.800   0.6481   0.00491   0.00145   0.0083  0.1399  0.9804  -1.4646   0.0000   0.2322
   5.000   0.6714   0.00515   0.00160   0.0084  0.1163  0.9830  -1.5774   0.0000   0.2323
   5.200   0.6931   0.00536   0.00174   0.0089  0.1038  0.9856  -1.7060   0.0000   0.2318
   5.400   0.7180   0.00554   0.00186   0.0087  0.0888  0.9870  -1.8480   0.0000   0.2323
   5.600   0.7438   0.00580   0.00204   0.0082  0.0696  0.9879  -1.9963   0.0000   0.2332
   5.800   0.7697   0.00604   0.00221   0.0078  0.0595  0.9888  -2.1492   0.0000   0.2339
   6.000   0.7954   0.00621   0.00235   0.0074  0.0490  0.9896  -2.3068   0.0000   0.2345
   6.200   0.8205   0.00646   0.00254   0.0072  0.0399  0.9906  -2.4662   0.0000   0.2348
   6.400   0.8461   0.00668   0.00272   0.0069  0.0306  0.9914  -2.6321   0.0000   0.2353
   6.600   0.8711   0.00690   0.00290   0.0067  0.0239  0.9922  -2.8528   0.0000   0.2355
   6.800   0.8956   0.00705   0.00303   0.0068  0.0206  0.9932  -3.0903   0.0000   0.2354
   7.000   0.9201   0.00724   0.00320   0.0068  0.0184  0.9940  -3.3365   0.0000   0.2354
   7.200   0.9462   0.00749   0.00344   0.0064  0.0132  0.9943  -3.5922   0.0000   0.2357
   7.400   0.9727   0.00766   0.00360   0.0060  0.0108  0.9945  -3.8659   0.0000   0.2361
   7.600   0.9989   0.00786   0.00379   0.0056  0.0098  0.9948  -4.1497   0.0000   0.2363
   7.800   1.0250   0.00809   0.00401   0.0053  0.0083  0.9951  -4.4420   0.0000   0.2365
   8.000   1.0511   0.00832   0.00423   0.0050  0.0069  0.9955  -4.7434   0.0000   0.2366
   8.200   1.0772   0.00852   0.00443   0.0048  0.0054  0.9959  -5.0540   0.0000   0.2367
   8.400   1.1033   0.00872   0.00463   0.0046  0.0043  0.9963  -5.3680   0.0000   0.2367
   8.600   1.1293   0.00893   0.00485   0.0044  0.0042  0.9967  -5.6980   0.0000   0.2366
   8.800   1.1550   0.00915   0.00509   0.0043  0.0042  0.9971  -6.0364   0.0000   0.2365
   9.000   1.1807   0.00938   0.00535   0.0042  0.0042  0.9975  -6.3828   0.0000   0.2363
   9.200   1.2061   0.00965   0.00564   0.0042  0.0041  0.9980  -6.7353   0.0000   0.2361
   9.400   1.2312   0.00993   0.00597   0.0043  0.0041  0.9984  -7.0997   0.0000   0.2357
   9.600   1.2568   0.01027   0.00637   0.0043  0.0041  0.9987  -7.4643   0.0000   0.2355
   9.800   1.2822   0.01064   0.00679   0.0042  0.0040  0.9989  -7.8429   0.0000   0.2352
  10.000   1.3077   0.01099   0.00718   0.0042  0.0040  0.9992  -8.2495   0.0000   0.2350
  10.200   1.3329   0.01141   0.00765   0.0043  0.0039  0.9995  -8.6545   0.0000   0.2346
  10.400   1.3568   0.01203   0.00836   0.0044  0.0039  0.9998  -9.0234   0.0000   0.2342
  10.600   1.3735   0.01276   0.00921   0.0059  0.0039  1.0000  -9.3210   0.0000   0.2328
  10.800   1.3821   0.01357   0.01013   0.0089  0.0039  1.0000  -9.5430   0.0000   0.2303
  11.000   1.3881   0.01454   0.01124   0.0122  0.0039  1.0000  -9.7298   0.0000   0.2277
  11.200   1.3915   0.01568   0.01253   0.0156  0.0039  1.0000  -9.8839   0.0000   0.2249
  11.400   1.3922   0.01698   0.01397   0.0192  0.0039  1.0000  -10.0092   0.0000   0.2220
  11.600   1.3904   0.01841   0.01554   0.0229  0.0039  1.0000  -10.1104   0.0000   0.2190
  11.800   1.3829   0.01974   0.01700   0.0273  0.0039  1.0000  -10.1757   0.0000   0.2154
  12.000   1.3730   0.02124   0.01861   0.0313  0.0039  1.0000  -10.2228   0.0000   0.2120
  12.200   1.3638   0.02322   0.02071   0.0336  0.0039  1.0000  -10.2642   0.0000   0.2098
  12.400   1.3548   0.02576   0.02338   0.0345  0.0039  1.0000  -10.2976   0.0000   0.2086
  12.600   1.3455   0.02879   0.02653   0.0342  0.0039  1.0000  -10.3202   0.0000   0.2082
  12.800   1.3362   0.03231   0.03017   0.0331  0.0038  1.0000  -10.3351   0.0000   0.2084
  13.000   1.3261   0.03622   0.03419   0.0313  0.0038  1.0000  -10.3380   0.0000   0.2091
  13.200   1.3147   0.04016   0.03823   0.0297  0.0038  1.0000  -10.3302   0.0000   0.2097
  13.400   1.3026   0.04437   0.04254   0.0277  0.0038  1.0000  -10.3125   0.0000   0.2106
  13.600   1.2898   0.04876   0.04701   0.0257  0.0038  1.0000  -10.2856   0.0000   0.2115
  13.800   1.2762   0.05332   0.05165   0.0235  0.0038  1.0000  -10.2478   0.0000   0.2126
  14.000   1.2618   0.05801   0.05641   0.0212  0.0038  1.0000  -10.1999   0.0000   0.2138
  14.200   1.2469   0.06245   0.06092   0.0193  0.0038  1.0000  -10.1482   0.0000   0.2148
  14.400   1.2325   0.06701   0.06554   0.0173  0.0038  1.0000  -10.0960   0.0000   0.2158
  14.600   1.2174   0.07213   0.07072   0.0147  0.0038  1.0000  -10.0256   0.0000   0.2174
  14.800   1.2045   0.07689   0.07554   0.0126  0.0038  1.0000  -9.9736   0.0000   0.2187
  15.000   1.1893   0.08233   0.08103   0.0097  0.0038  1.0000  -9.8886   0.0000   0.2206


