angles: 0.2 12
wingspan: 36.09
chord: 4.521
swept_angle: 0
cruise_altitude: 5000
angle_of_attack_at_cruise: 0
target_cruise_velocity: 122
max_velocity: 163
aircraft_weight: 1691
cargo_weight: 381
fuel_weight: 377
cD0: 0.0341
span_efficiency_factor: 0.7
specific_fuel_consumption: 0.3289096
propeller_efficiency: 0.7
engine_power: 160.9227
n_structure: 6
xflr5 v6.38

 Calculated polar for: NACA 22112

 2 2 Reynolds number ~ 1/sqrt(CL)   Mach number ~ 1/sqrt(CL)  

 xtrf =   1.000 (top)        1.000 (bottom)
 Mach =   0.000     Re =     9.371 e 6     Ncrit =   9.000

  alpha     CL        CD       CDp       Cm    Top Xtr Bot Xtr   Cpmin    Chinge    XCp    
 ------- -------- --------- --------- -------- ------- ------- -------- --------- ---------
   0.200   0.0216   0.00476   0.00047   0.0002  0.0988  0.1233  -0.3397   0.0000   0.2386
   0.400   0.0441   0.00486   0.00048   0.0002  0.1237  0.1540  -0.3833   0.0000   0.2432
   0.600   0.0658   0.00493   0.00049   0.0004  0.1281  0.1774  -0.4262   0.0000   0.2422
   0.800   0.0875   0.00498   0.00050   0.0005  0.1272  0.1968  -0.4768   0.0000   0.2416
   1.000   0.1076   0.00497   0.00050   0.0010  0.1161  0.2494  -0.5274   0.0000   0.2384
   1.200   0.1279   0.00494   0.00052   0.0014  0.1056  0.3037  -0.5792   0.0000   0.2365
   1.400   0.1488   0.00491   0.00052   0.0017  0.1021  0.3390  -0.6328   0.0000   0.2360
   1.600   0.1690   0.00489   0.00053   0.0022  0.0957  0.3706  -0.6861   0.0000   0.2347
   1.800   0.1904   0.00495   0.00056   0.0024  0.0858  0.4033  -0.7508   0.0000   0.2350
   2.000   0.2111   0.00491   0.00058   0.0027  0.0823  0.4318  -0.8189   0.0000   0.2345
   2.200   0.2325   0.00502   0.00064   0.0029  0.0722  0.4458  -0.8880   0.0000   0.2347
   2.400   0.2532   0.00513   0.00069   0.0033  0.0513  0.4720  -0.9580   0.0000   0.2343
   2.600   0.2735   0.00516   0.00073   0.0037  0.0441  0.4966  -1.0289   0.0000   0.2336
   2.800   0.2950   0.00523   0.00079   0.0039  0.0373  0.5165  -1.1036   0.0000   0.2339
   3.000   0.3148   0.00522   0.00083   0.0044  0.0322  0.5586  -1.1766   0.0000   0.2330
   3.200   0.3364   0.00529   0.00089   0.0046  0.0285  0.5667  -1.2540   0.0000   0.2333
   3.400   0.3577   0.00532   0.00093   0.0048  0.0264  0.6002  -1.3324   0.0000   0.2333
   4.000   0.4188   0.00539   0.00112   0.0061  0.0188  0.6874  -1.6124   0.0000   0.2320
   4.200   0.4412   0.00536   0.00115   0.0062  0.0260  0.7069  -1.7184   0.0000   0.2325
   4.400   0.4613   0.00536   0.00120   0.0066  0.0257  0.7392  -1.8212   0.0000   0.2320
   4.600   0.4822   0.00543   0.00128   0.0070  0.0236  0.7539  -1.9276   0.0000   0.2318
   4.800   0.5009   0.00546   0.00137   0.0077  0.0184  0.7982  -2.0404   0.0000   0.2306
   5.000   0.5213   0.00552   0.00145   0.0082  0.0163  0.8247  -2.2192   0.0000   0.2303
   5.200   0.5402   0.00560   0.00156   0.0089  0.0133  0.8504  -2.3961   0.0000   0.2293
   5.400   0.5604   0.00569   0.00166   0.0094  0.0096  0.8701  -2.5839   0.0000   0.2289
   5.800   0.5977   0.00588   0.00193   0.0111  0.0042  0.9232  -2.9591   0.0000   0.2269
   6.000   0.6176   0.00596   0.00204   0.0116  0.0038  0.9465  -3.1613   0.0000   0.2264
   6.200   0.6401   0.00606   0.00216   0.0116  0.0034  0.9661  -3.3809   0.0000   0.2270
   6.400   0.6685   0.00625   0.00235   0.0101  0.0026  0.9794  -3.6400   0.0000   0.2298
   6.600   0.6926   0.00640   0.00248   0.0096  0.0023  0.9831  -3.8815   0.0000   0.2308
   6.800   0.7213   0.00657   0.00262   0.0081  0.0021  0.9846  -4.1531   0.0000   0.2333
   7.000   0.7487   0.00674   0.00276   0.0069  0.0018  0.9854  -4.4521   0.0000   0.2352
   7.200   0.7755   0.00690   0.00290   0.0058  0.0016  0.9864  -4.8034   0.0000   0.2367
   7.400   0.8010   0.00707   0.00305   0.0050  0.0014  0.9879  -5.1566   0.0000   0.2378
   7.600   0.8246   0.00723   0.00319   0.0046  0.0013  0.9895  -5.5051   0.0000   0.2382
   7.800   0.8477   0.00739   0.00334   0.0044  0.0011  0.9909  -5.8572   0.0000   0.2384
   8.000   0.8706   0.00757   0.00350   0.0042  0.0011  0.9922  -6.2176   0.0000   0.2386
   8.200   0.8930   0.00774   0.00366   0.0041  0.0011  0.9934  -6.5840   0.0000   0.2386
   8.400   0.9148   0.00792   0.00384   0.0041  0.0011  0.9944  -6.9573   0.0000   0.2384
   8.600   0.9355   0.00810   0.00401   0.0044  0.0010  0.9953  -7.3261   0.0000   0.2380
   8.800   0.9572   0.00830   0.00420   0.0044  0.0010  0.9959  -7.7120   0.0000   0.2378
   9.000   0.9817   0.00850   0.00440   0.0038  0.0010  0.9962  -8.1300   0.0000   0.2383
   9.200   1.0063   0.00872   0.00461   0.0031  0.0010  0.9966  -8.5584   0.0000   0.2388
   9.400   1.0310   0.00894   0.00483   0.0025  0.0010  0.9969  -8.9958   0.0000   0.2393
   9.600   1.0553   0.00917   0.00506   0.0019  0.0010  0.9973  -9.4388   0.0000   0.2396
   9.800   1.0795   0.00942   0.00530   0.0013  0.0010  0.9977  -9.8892   0.0000   0.2400
  10.000   1.1037   0.00967   0.00556   0.0007  0.0010  0.9981  -10.3475   0.0000   0.2402
  10.200   1.1279   0.00994   0.00583   0.0001  0.0010  0.9985  -10.8139   0.0000   0.2405
  10.400   1.1519   0.01023   0.00614  -0.0005  0.0010  0.9989  -11.2789   0.0000   0.2407
  10.600   1.1755   0.01053   0.00646  -0.0010  0.0010  0.9992  -11.7516   0.0000   0.2409
  11.600   1.2176   0.01772   0.01479   0.0104  0.0010  1.0000  -12.4343   0.0000   0.2302
  11.800   1.2378   0.01760   0.01462   0.0107  0.0010  1.0000  -12.9789   0.0000   0.2298
  12.000   1.2631   0.01698   0.01388   0.0102  0.0010  1.0000  -13.6604   0.0000   0.2301


